925686
697710
632628
626377
622270
622265
576596
566241
548089
540660
537447
536791
532194
524000
492287
489113
478322
477139
470818
469645
458457
453764
450186
445664
442542
441972
440247
433431
410942
409201
407736
404009
400428
396448
395521
393554
392499
392255
377980
371970
371781
367897
365277
357995
357377
350657
345385
344434
342732
342181
340177
331663
330029
329362
321866
321081
320655
317415
314578
310489
309959
307533
307439
306862
305972
305468
304305
299439
298106
297047
295589
293287
290737
290663
290239
289297
288595
287317
286854
286455
285172
283553
283333
278814
277865
274144
270484
269136
267201
265465
263447
263378
260772
260594
260514
257910
254464
251605
250684
247609
247604
245741
240890
240610
239292
239264
237056
236892
233070
232707
232009
231918
231600
228333
227842
227194
227119
226544
226511
225881
225683
225680
225661
224179
223033
222352
221524
220930
218377
218315
217981
216830
214520
214154
213975
213754
211592
209555
209229
208709
207763
206419
206042
204492
202940
202424
202358
201836
201287
200656
199557
199332
198522
198001
197399
194858
194796
193694
191465
189512
189106
188808
188735
186916
186872
185578
185318
185035
184491
183806
183755
183685
182013
181471
179821
179157
178967
178522
178147
177731
177572
176637
176552
176383
176314
175228
174410
174365
174036
174004
173205
173077
172466
172381
171549
171431
170562
170058
168859
168511
168134
167828
166514
166204
165947
165848
164566
162843
162490
162353
162236
161544
160294
160227
160022
158976
157196
156608
156574
156351
155985
155537
155219
154743
154288
154288
153639
153356
152674
152570
152015
151863
151521
151505
150832
150822
149877
149846
149810
149220
148565
146908
146850
146288
145938
145288
144831
144486
143866
143765
143359
143196
142826
142803
142315
141995
141839
140961
140883
140266
138300
137926
137833
137631
137249
137021
136820
136233
136017
135972
135970
134841
133468
133199
132356
132243
130876
130205
130195
129562
129384
128963
128493
128382
128214
128138
127858
127432
127191
127066
126878
126823
126010
125956
125406
125102
125051
124828
124461
123577
123111
122449
121660
121613
121603
121278
118373
118105
118033
117834
117204
116975
115948
115904
115404
115034
114832
114640
114347
113726
113688
113663
112609
112078
111723
111479
111201
110930
110495
110472
110165
110002
109975
109939
109826
109702
109484
109246
108980
108824
108721
108627
108571
108535
108222
108214
108123
107449
107288
106791
106429
106427
106109
106015
106006
105919
105766
105633
105595
105581
105039
104990
104639
103742
103330
103261
102368
102148
101894
101819
101780
101552
101547
101496
101359
101183
100533
100325
100280
100175
100149
100108
99505
99190
99048
98669
98602
98278
98263
98189
98107
98038
97774
97128
97068
96402
96150
96036
95986
95917
95372
94732
94611
94440
94152
94054
93875
93749
93408
92673
92493
92492
92295
91944
91760
91486
91433
91052
90799
90706
90401
89786
89324
89133
89109
88745
88677
88442
88431
88071
88010
87987
87741
87391
87043
86934
86855
86627
86365
85634
85584
85559
85415
85217
85177
85112
84992
84906
84898
84870
84845
84550
84518
84352
84268
83934
83762
83709
83320
83315
82542
82471
82437
82358
82236
81889
81790
81251
81068
80172
80114
80021
79527
79478
79168
79099
78603
78439
78254
77896
77878
77103
77040
76817
76783
76780
76637
76017
75990
75971
75827
75770
75651
75280
74500
74030
73569
72693
72691
72418
72317
72261
71883
71844
71778
71679
71239
71184
71087
70975
70942
70913
70418
70320
70161
69981
69914
69018
68994
68990
68615
68423
68412
68189
67977
67815
67720
67616
67440
67252
67166
67165
66951
66820
66735
66487
66456
66009
65877
65844
65663
65504
65385
64799
64455
64431
64414
64368
63684
63668
63642
63580
63463
63290
63277
63253
63040
62925
62897
62700
62619
62591
62333
62270
62120
62086
62061
62047
62001
61874
61545
61441
61323
61257
61219
61028
60988
60774
60669
60475
60216
60116
59981
59885
59597
59492
59366
59247
59243
59232
59058
58845
58794
58760
58681
58532
58494
58433
58284
58232
58055
57816
57780
57722
57646
57443
57429
57308
57083
56523
56463
56347
56306
56276
56106
56013
55998
55978
55876
55796
55559
55554
55464
55371
55259
55215
55210
55064
54968
54798
54777
54761
54752
54704
54703
54670
54532
54177
54175
54173
54141
54102
54000
53704
53673
53609
53554
53532
53259
53252
53238
53229
53224
53102
53029
52992
52971
52937
52647
52476
52454
52368
52333
52321
52182
52024
51806
51797
51343
51290
51252
51197
51040
50842
50644
50545
50436
50436
50407
50407
50377
50359
49971
49970
49928
49815
49812
49751
49743
49704
49550
49540
49536
49457
49164
49101
49074
48995
48982
48926
48826
48608
48520
48431
48329
47730
47723
47709
47701
47686
47626
47574
47413
47363
47336
47232
47030
46676
46603
46598
46565
46457
46364
46198
46171
46066
46014
46007
46001
45874
45765
45715
45615
45611
45603
45419
45382
45363
45311
45238
45238
45183
45175
45168
45111
45069
44971
44802
44736
44720
44718
44708
44648
44410
44402
44393
44296
43975
43923
43773
43592
43543
43487
43485
43475
43423
43335
43125
43114
43100
43017
43007
42809
42645
42588
42448
42448
42429
42316
42221
42194
42150
42147
42083
42041
41870
41824
41750
41516
41371
41209
41166
40994
40932
40921
40888
40858
40786
40716
40690
40656
40501
40440
40385
40370
40321
40281
40211
40210
39962
39937
39904
39815
39757
39738
39692
39543
39509
39498
39480
39410
39382
39325
39258
39237
39222
39186
39171
39149
39141
39139
39026
38896
38803
38748
38643
38620
38618
38529
38509
38481
38338
38326
38270
38204
38101
38046
38026
37982
37914
37914
37767
37740
37683
37661
37646
37571
37519
37471
37459
37234
37231
37181
37030
36987
36977
36886
36815
36791
36779
36722
36561
36549
36545
36528
36465
36459
36424
36362
36288
36286
36233
35981
35631
35599
35577
35475
35415
35403
35251
35188
35173
35105
35082
35074
35069
35061
35002
34885
34834
34830
34747
34745
34710
34693
34648
34516
34313
34287
34247
34246
34222
34222
34207
34203
34188
34119
34106
34094
34085
34019
33984
33974
33949
33939
33848
33843
33817
33807
33752
33632
33610
33571
33518
33427
33373
33369
33335
33314
33182
33158
32998
32997
32969
32896
32888
32841
32837
32820
32704
32702
32674
32625
32581
32413
32377
32373
32281
32247
32047
32001
31978
31929
31869
31794
31760
31731
31709
31675
31568
31505
31431
31370
31339
31291
31288
31149
31106
31104
30959
30957
30894
30892
30840
30839
30795
30770
30762
30686
30652
30652
30538
30522
30395
30383
30218
30209
30207
30174
30131
30039
30032
30023
30018
30005
29997
29973
29930
29923
29876
29866
29861
29860
29858
29841
29790
29785
29725
29708
29681
29606
29550
29527
29496
29416
29409
29365
29256
29178
29177
29177
29132
29047
29042
28981
28978
28945
28918
28890
28867
28860
28829
28816
28751
28743
28587
28500
28478
28458
28384
28337
28282
28202
28146
28099
28089
28065
28064
28019
27954
27932
27915
27871
27822
27740
27569
27567
27481
27436
27431
27414
27387
27360
27303
27296
27285
27281
27270
27207
27185
27131
27130
27117
27104
27098
26993
26932
26872
26859
26852
26833
26820
26811
26753
26646
26474
26462
26271
26250
26212
26208
26193
26165
26156
26123
26114
26042
26019
26017
26014
25961
25954
25886
25884
25860
25827
25796
25700
25679
25647
25582
25547
25538
25527
25520
25509
25496
25468
25465
25446
25359
25329
25322
25291
25280
25278
25224
25203
25199
25147
25102
25089
25079
25072
25037
25027
25014
24981
24924
24910
24908
24903
24885
24885
24859
24836
24815
24733
24708
24705
24689
24685
24671
24665
24615
24603
24583
24553
24514
24455
24356
24343
24342
24339
24257
24255
24222
24218
24184
24134
24126
24125
24091
24086
24085
24072
24070
24023
23992
23920
23892
23891
23882
23870
23868
23841
23832
23822
23816
23753
23722
23703
23696
23640
23633
23586
23527
23479
23428
23427
23378
23367
23249
23199
23169
23095
23012
22970
22965
22956
22949
22926
22898
22896
22837
22835
22832
22815
22808
22783
22779
22749
22748
22739
22716
22714
22670
22661
22611
22597
22597
22594
22574
22572
22553
22525
22486
22424
22400
22395
22384
22367
22315
22315
22285
22278
22200
22195
22139
22115
22110
22108
22082
22058
22014
22006
22002
21995
21949
21861
21765
21678
21610
21571
21533
21531
21514
21514
21429
21394
21388
21354
21333
21259
21225
21208
21168
21130
21112
21016
21014
21004
20966
20951
20944
20925
20881
20861
20835
20823
20783
20754
20741
20732
20732
20710
20699
20684
20674
20671
20648
20646
20632
20630
20613
20597
20572
20548
20547
20531
20514
20467
20457
20454
20450
20442
20438
20407
20397
20394
20390
20383
20365
20336
20276
20261
20188
20060
20059
20041
20026
20024
19967
19909
19821
19795
19749
19742
19738
19729
19720
19717
19715
19712
19679
19627
19566
19563
19499
19495
19460
19424
19397
19357
19341
19340
19308
19304
19279
19276
19239
19200
19180
19157
19153
19147
19144
19127
19122
19092
19047
19008
19002
18994
18988
18977
18938
18913
18901
18875
18866
18826
18813
18728
18722
18714
18706
18690
18688
18684
18677
18648
18642
18611
18596
18589
18588
18581
18512
18492
18472
18459
18421
18413
18346
18329
18328
18324
18321
18304
18302
18284
18265
18264
18233
18229
18227
18206
18191
18188
18187
18183
18128
18110
18105
18087
18053
18021
18002
17966
17964
17940
17937
17924
17917
17909
17908
17887
17874
17866
17827
17782
17757
17754
17747
17699
17697
17669
17657
17650
17647
17642
17624
17618
17613
17609
17596
17589
17583
17557
17522
17504
17502
17499
17492
17486
17454
17447
17441
17429
17330
17329
17321
17308
17298
17278
17251
17209
17207
17201
17189
17166
17135
17100
17099
17093
17053
17050
17029
17017
17000
16981
16968
16961
16959
16905
16905
16889
16879
16875
16861
16849
16842
16824
16811
16804
16793
16792
16773
16772
16754
16735
16728
16716
16694
16674
16672
16666
16635
16621
16599
16597
16507
16504
16504
16500
16489
16488
16466
16440
16427
16421
16405
16390
16375
16374
16368
16339
16327
16314
16310
16293
16285
16280
16279
16278
16271
16268
16267
16249
16245
16238
16232
16203
16203
16188
16171
16164
16140
16140
16116
16098
16088
16087
16075
16063
16021
16021
16014
16009
16008
15994
15979
15961
15958
15938
15914
15912
15898
15882
15846
15815
15813
15797
15765
15762
15689
15683
15680
15665
15642
15628
15627
15603
15592
15583
15580
15577
15558
15547
15544
15539
15508
15499
15484
15459
15452
15439
15395
15393
15384
15348
15339
15337
15327
15325
15301
15269
15265
15254
15231
15224
15180
15168
15146
15134
15119
15108
15078
15054
15031
15028
15015
15001
14998
14990
14981
14979
14976
14970
14967
14966
14932
14931
14929
14928
14925
14925
14913
14907
14906
14906
14898
14888
14879
14871
14821
14793
14791
14784
14772
14749
14731
14693
14692
14685
14669
14660
14654
14640
14634
14628
14617
14600
14594
14584
14573
14553
14538
14536
14509
14490
14477
14451
14426
14422
14397
14396
14378
14368
14365
14345
14337
14330
14305
14301
14301
14290
14285
14279
14269
14262
14245
14237
14237
14237
14236
14232
14222
14215
14212
14212
14194
14187
14179
14173
14171
14168
14163
14132
14125
14086
14084
14084
14080
14058
14054
14050
14047
14045
14041
14031
14028
14020
14017
14007
14006
14005
13998
13993
13986
13986
13977
13953
13939
13933
13930
13920
13909
13909
13906
13901
13892
13892
13874
13869
13867
13864
13853
13848
13818
13818
13815
13813
13808
13804
13779
13777
13773
13766
13766
13763
13757
13753
13752
13747
13738
13730
13724
13723
13720
13718
13712
13699
13692
13660
13652
13624
13623
13610
13596
13591
13590
13587
13583
13583
13571
13566
13565
13565
13555
13546
13542
13528
13500
13494
13494
13493
13492
13491
13471
13460
13457
13440
13414
13407
13398
13387
13352
13344
13332
13331
13321
13319
13306
13295
13286
13281
13277
13275
13274
13272
13268
13264
13250
13237
13234
13229
13214
13213
13206
13179
13170
13168
13165
13161
13150
13148
13144
13142
13138
13136
13132
13124
13123
13113
13107
13100
13099
13098
13097
13096
13069
13061
13059
13052
13041
13035
13030
13008
12979
12975
12973
12968
12954
12928
12925
12923
12911
12905
12898
12880
12871
12863
12845
12837
12828
12827
12824
12820
12816
12814
12770
12770
12768
12763
12763
12761
12761
12757
12754
12752
12750
12749
12744
12741
12732
12729
12722
12722
12718
12716
12711
12691
12686
12682
12679
12665
12653
12651
12639
12633
12610
12610
12603
12588
12588
12585
12578
12557
12554
12539
12527
12517
12516
12515
12514
12509
12507
12505
12499
12477
12476
12475
12473
12465
12450
12450
12448
12441
12439
12435
12434
12418
12412
12383
12379
12370
12369
12361
12344
12341
12340
12338
12334
12329
12322
12321
12317
12315
12313
12299
12298
12293
12272
12263
12258
12255
12254
12251
12245
12243
12231
12226
12189
12187
12185
12185
12173
12167
12163
12147
12140
12129
12117
12112
12103
12097
12081
12067
12062
12060
12059
12041
12035
12030
12028
12022
12013
12013
12011
12003
11997
11993
11983
11982
11981
11980
11956
11954
11948
11935
11928
11914
11910
11906
11905
11900
11899
11898
11891
11871
11870
11858
11852
11840
11829
11823
11821
11809
11802
11792
11791
11787
11773
11773
11745
11733
11727
11708
11701
11689
11681
11680
11679
11679
11678
11662
11650
11634
11618
11615
11614
11605
11590
11587
11578
11576
11573
11551
11543
11525
11519
11484
11472
11470
11462
11444
11430
11415
11413
11409
11409
11404
11400
11398
11391
11376
11356
11353
11349
11346
11345
11343
11342
11338
11331
11330
11326
11325
11322
11318
11314
11311
11308
11308
11290
11288
11286
11283
11273
11241
11240
11240
11237
11233
11230
11216
11215
11212
11208
11194
11190
11186
11185
11185
11182
11168
11147
11147
11146
11139
11137
11126
11123
11116
11106
11094
11033
11031
11027
11023
11021
11018
11017
11016
11014
11014
11009
11005
10989
10986
10979
10962
10961
10959
10952
10945
10939
10939
10931
10927
10926
10925
10925
10920
10920
10907
10906
10904
10903
10895
10892
10881
10878
10859
10845
10844
10844
10840
10838
10832
10828
10822
10809
10786
10784
10782
10777
10763
10759
10755
10746
10742
10741
10739
10739
10739
10728
10723
10721
10697
10691
10684
10681
10677
10676
10674
10667
10662
10646
10641
10638
10637
10632
10623
10618
10617
10600
10600
10599
10599
10597
10588
10588
10582
10576
10573
10570
10535
10533
10528
10526
10517
10509
10505
10503
10500
10498
10491
10482
10479
10477
10476
10476
10475
10470
10456
10455
10452
10451
10446
10446
10442
10442
10441
10437
10432
10425
10424
10418
10417
10401
10385
10383
10382
10380
10376
10363
10363
10362
10362
10359
10358
10356
10350
10349
10345
10344
10340
10339
10331
10326
10325
10323
10323
10318
10317
10316
10316
10309
10307
10300
10299
10297
10287
10286
10276
10274
10272
10272
10269
10257
10253
10251
10250
10245
10245
10244
10234
10229
10225
10224
10217
10216
10215
10213
10213
10207
10206
10194
10194
10191
10189
10189
10188
10184
10182
10177
10174
10169
10164
10163
10162
10161
10159
10157
10155
10153
10150
10147
10138
10132
10128
10127
10125
10124
10113
10091
10090
10087
10082
10048
10040
10034
10033
10032
10025
10025
10019
10018
10016
10014
10011
10009
10001
10001
9998
9997
9994
9991
9990
9989
9988
9985
9984
9982
9981
9981
9981
9965
9955
9951
9950
9950
9950
9949
9947
9933
9929
9908
9901
9893
9893
9890
9873
9868
9867
9865
9865
9863
9859
9857
9857
9841
9834
9829
9814
9810
9808
9807
9807
9797
9794
9789
9788
9788
9785
9782
9780
9780
9774
9767
9765
9764
9756
9754
9753
9750
9745
9745
9744
9741
9731
9724
9714
9713
9713
9698
9698
9697
9690
9690
9678
9678
9671
9669
9665
9657
9649
9644
9630
9629
9628
9624
9622
9621
9621
9617
9612
9610
9607
9603
9602
9598
9595
9593
9592
9592
9591
9590
9588
9585
9581
9576
9576
9570
9563
9560
9559
9551
9545
9541
9533
9529
9526
9521
9520
9516
9515
9513
9513
9510
9508
9508
9502
9501
9500
9500
9490
9480
9460
9454
9453
9441
9439
9437
9434
9432
9429
9425
9421
9419
9411
9409
9406
9406
9403
9402
9400
9399
9394
9388
9388
9378
9376
9376
9374
9370
9370
9368
9367
9364
9359
9355
9352
9342
9340
9336
9335
9332
9331
9329
9322
9320
9319
9309
9305
9305
9300
9298
9296
9294
9294
9285
9282
9282
9278
9273
9267
9256
9252
9244
9239
9237
9236
9230
9224
9224
9223
9223
9222
9214
9212
9195
9192
9192
9187
9183
9183
9180
9175
9174
9169
9169
9164
9158
9155
9154
9151
9142
9140
9135
9134
9132
9127
9122
9122
9118
9108
9100
9099
9099
9097
9092
9089
9079
9077
9069
9060
9056
9054
9044
9030
9020
9013
9007
9003
9002
9002
9001
8997
8994
8992
8990
8989
8988
8984
8984
8981
8981
8975
8971
8970
8967
8958
8958
8956
8950
8950
8944
8943
8943
8937
8928
8925
8925
8923
8908
8905
8904
8899
8899
8893
8893
8886
8886
8883
8882
8882
8880
8871
8869
8867
8865
8864
8862
8853
8852
8851
8844
8839
8838
8837
8836
8835
8832
8831
8831
8829
8828
8828
8822
8818
8818
8817
8811
8809
8808
8806
8806
8804
8800
8798
8796
8787
8787
8785
8783
8781
8780
8777
8774
8767
8759
8757
8756
8735
8735
8733
8728
8725
8722
8720
8716
8710
8707
8707
8706
8702
8702
8694
8691
8690
8690
8689
8687
8687
8682
8681
8680
8678
8671
8664
8664
8663
8663
8662
8661
8656
8648
8647
8644
8642
8641
8638
8637
8637
8635
8632
8632
8630
8630
8629
8628
8611
8609
8605
8602
8601
8597
8596
8595
8594
8593
8592
8592
8591
8591
8590
8587
8572
8570
8559
8554
8550
8546
8545
8545
8544
8542
8539
8536
8534
8533
8528
8518
8507
8505
8505
8503
8499
8490
8488
8485
8483
8480
8473
8472
8470
8460
8443
8439
8433
8424
8422
8422
8417
8413
8411
8409
8406
8405
8405
8403
8400
8397
8387
8385
8385
8384
8376
8375
8374
8372
8369
8359
8348
8346
8345
8344
8343
8336
8334
8331
8330
8321
8318
8314
8311
8304
8291
8289
8284
8284
8278
8277
8275
8268
8263
8255
8255
8251
8244
8232
8232
8232
8228
8222
8220
8218
8214
8213
8212
8210
8207
8207
8206
8206
8189
8189
8163
8162
8161
8161
8161
8158
8157
8151
8147
8146
8144
8140
8139
8138
8138
8137
8132
8126
8126
8117
8115
8114
8112
8110
8109
8109
8103
8098
8095
8094
8090
8088
8088
8086
8085
8084
8083
8079
8078
8078
8068
8068
8067
8067
8065
8064
8060
8060
8057
8054
8052
8050
8047
8045
8044
8043
8038
8038
8035
8028
8013
8013
8009
8009
8007
8007
7998
7998
7992
7990
7987
7986
7982
7978
7977
7975
7974
7970
7967
7967
7967
7960
7950
7949
7949
7940
7939
7930
7926
7921
7910
7908
7905
7898
7896
7891
7890
7888
7885
7881
7878
7875
7868
7855
7851
7833
7827
7827
7826
7822
7821
7817
7814
7810
7809
7807
7803
7796
7796
7795
7793
7783
7782
7781
7772
7769
7765
7765
7763
7763
7750
7748
7747
7740
7739
7736
7735
7733
7731
7721
7721
7714
7706
7702
7696
7695
7695
7694
7685
7683
7682
7662
7662
7661
7659
7658
7647
7643
7641
7630
7625
7624
7622
7618
7616
7613
7604
7599
7597
7596
7591
7584
7572
7569
7568
7564
7563
7562
7560
7553
7550
7539
7539
7538
7531
7531
7527
7521
7520
7506
7503
7503
7500
7498
7497
7494
7494
7493
7483
7481
7481
7478
7478
7477
7476
7476
7460
7458
7457
7455
7445
7444
7444
7431
7422
7421
7421
7414
7410
7406
7406
7403
7401
7397
7392
7386
7386
7383
7383
7383
7381
7377
7376
7375
7371
7368
7365
7365
7364
7362
7359
7358
7349
7346
7343
7339
7336
7333
7331
7328
7325
7325
7324
7322
7315
7311
7311
7311
7309
7309
7307
7303
7300
7300
7298
7290
7287
7285
7283
7278
7275
7274
7269
7264
7259
7257
7254
7234
7230
7230
7214
7212
7211
7211
7210
7210
7209
7207
7207
7203
7202
7200
7199
7198
7196
7193
7189
7183
7183
7182
7179
7178
7178
7177
7170
7169
7160
7159
7156
7155
7141
7140
7138
7137
7130
7128
7123
7114
7111
7106
7106
7103
7102
7096
7096
7085
7085
7083
7083
7081
7079
7078
7076
7075
7075
7074
7073
7065
7063
7061
7060
7057
7055
7047
7040
7038
7036
7031
7031
7029
7028
7028
7026
7024
7020
7019
7015
7014
7014
7010
7007
7006
7003
7002
7002
6999
6994
6990
6988
6988
6980
6980
6976
6976
6972
6968
6964
6959
6958
6953
6949
6943
6943
6941
6936
6928
6926
6924
6923
6919
6918
6915
6912
6907
6903
6901
6900
6899
6896
6887
6885
6880
6880
6866
6862
6862
6861
6859
6858
6852
6851
6847
6844
6844
6841
6835
6835
6833
6832
6831
6829
6826
6814
6811
6810
6803
6798
6795
6794
6794
6787
6785
6784
6783
6780
6777
6777
6777
6775
6772
6770
6769
6766
6764
6762
6759
6756
6753
6749
6748
6743
6741
6741
6737
6731
6728
6724
6722
6720
6718
6717
6717
6711
6705
6702
6696
6695
6691
6689
6683
6678
6673
6673
6672
6669
6668
6658
6639
6631
6631
6626
6625
6622
6621
6620
6616
6612
6606
6604
6602
6599
6596
6595
6594
6590
6590
6588
6588
6582
6580
6579
6575
6571
6567
6564
6558
6558
6557
6556
6555
6548
6547
6543
6533
6532
6531
6526
6526
6521
6520
6516
6516
6513
6512
6508
6506
6501
6498
6498
6498
6493
6493
6487
6485
6483
6481
6480
6480
6474
6473
6472
6472
6470
6469
6468
6465
6465
6460
6460
6458
6454
6452
6450
6447
6447
6446
6443
6442
6441
6441
6440
6439
6439
6438
6430
6426
6425
6425
6424
6420
6413
6410
6409
6409
6409
6409
6408
6407
6405
6404
6402
6402
6393
6388
6386
6386
6385
6382
6382
6376
6376
6370
6365
6364
6361
6361
6360
6360
6360
6359
6359
6357
6354
6353
6352
6346
6341
6340
6338
6338
6336
6330
6327
6324
6324
6322
6321
6319
6318
6314
6314
6312
6312
6304
6304
6302
6302
6295
6294
6285
6285
6283
6282
6282
6278
6273
6273
6272
6269
6267
6251
6248
6247
6244
6239
6235
6222
6221
6219
6218
6209
6207
6207
6206
6201
6200
6198
6193
6191
6185
6183
6179
6167
6163
6162
6162
6159
6158
6153
6152
6145
6144
6144
6144
6143
6141
6140
6140
6139
6137
6133
6133
6133
6133
6131
6129
6123
6115
6115
6114
6114
6113
6112
6111
6104
6104
6097
6097
6095
6094
6088
6087
6086
6085
6083
6080
6075
6072
6071
6067
6062
6059
6057
6053
6052
6052
6049
6046
6045
6043
6040
6039
6038
6036
6036
6033
6032
6029
6028
6026
6022
6017
6008
6008
6006
6004
6003
6000
6000
5997
5988
5986
5985
5979
5978
5977
5976
5965
5963
5959
5957
5956
5956
5953
5950
5948
5947
5946
5942
5941
5940
5939
5935
5935
5932
5932
5930
5924
5916
5912
5906
5898
5898
5897
5890
5888
5879
5878
5876
5875
5873
5870
5869
5867
5861
5859
5855
5852
5850
5848
5848
5847
5847
5846
5845
5844
5841
5841
5838
5836
5832
5830
5827
5826
5825
5825
5816
5815
5815
5810
5810
5807
5805
5805
5804
5793
5792
5790
5789
5788
5788
5785
5781
5781
5780
5780
5779
5778
5775
5775
5773
5773
5772
5769
5768
5760
5760
5758
5749
5746
5743
5742
5740
5737
5736
5736
5733
5729
5729
5727
5723
5721
5717
5714
5713
5712
5710
5707
5707
5706
5703
5697
5697
5696
5695
5686
5686
5685
5679
5678
5676
5675
5671
5671
5667
5662
5661
5659
5656
5655
5653
5652
5647
5646
5645
5644
5643
5642
5641
5638
5637
5633
5624
5623
5616
5616
5615
5613
5612
5605
5604
5601
5600
5598
5593
5590
5590
5589
5588
5588
5587
5585
5584
5582
5582
5582
5574
5570
5566
5561
5561
5561
5560
5560
5559
5555
5553
5552
5551
5548
5547
5546
5545
5542
5542
5542
5537
5536
5535
5535
5531
5530
5526
5526
5524
5523
5522
5519
5518
5510
5497
5494
5493
5490
5490
5489
5489
5485
5482
5478
5477
5476
5470
5470
5469
5466
5465
5464
5461
5458
5457
5453
5450
5445
5445
5444
5442
5441
5441
5441
5436
5436
5436
5435
5429
5424
5423
5423
5419
5418
5415
5414
5409
5407
5406
5406
5404
5403
5402
5402
5401
5401
5400
5388
5388
5382
5380
5379
5374
5372
5371
5370
5369
5366
5366
5365
5363
5359
5357
5356
5353
5353
5353
5350
5347
5347
5346
5345
5342
5342
5340
5336
5336
5334
5329
5327
5325
5325
5324
5324
5321
5320
5318
5317
5315
5311
5309
5306
5304
5303
5297
5296
5288
5288
5282
5281
5279
5278
5278
5271
5266
5257
5256
5254
5252
5251
5250
5248
5248
5248
5246
5245
5244
5240
5239
5239
5238
5234
5228
5226
5225
5225
5223
5222
5218
5217
5213
5212
5206
5204
5203
5202
5202
5201
5200
5199
5199
5197
5197
5193
5191
5190
5187
5186
5185
5183
5181
5178
5174
5168
5167
5165
5164
5164
5164
5163
5161
5159
5157
5156
5155
5152
5152
5149
5144
5144
5143
5142
5136
5132
5128
5121
5121
5119
5117
5116
5114
5114
5113
5112
5110
5110
5109
5106
5104
5102
5102
5097
5097
5097
5096
5095
5092
5088
5088
5086
5080
5080
5077
5072
5072
5065
5061
5053
5053
5053
5050
5048
5040
5040
5039
5035
5030
5023
5022
5020
5019
5019
5013
5012
5011
5010
5010
5009
5008
5005
5003
4996
4996
4995
4991
4989
4987
4985
4984
4978
4977
4976
4975
4971
4968
4967
4962
4959
4958
4952
4948
4948
4947
4945
4943
4941
4938
4931
4930
4919
4918
4912
4905
4904
4904
4903
4902
4899
4893
4891
4888
4888
4888
4887
4886
4884
4882
4882
4880
4876
4870
4869
4867
4865
4854
4851
4850
4849
4849
4845
4841
4841
4840
4840
4837
4837
4833
4832
4827
4827
4826
4825
4825
4824
4818
4815
4814
4810
4809
4809
4804
4804
4803
4801
4801
4795
4795
4794
4793
4787
4787
4785
4784
4784
4784
4780
4779
4774
4770
4770
4769
4760
4759
4759
4754
4748
4748
4747
4747
4746
4745
4743
4742
4738
4736
4733
4731
4731
4725
4722
4719
4719
4716
4716
4712
4711
4709
4705
4705
4705
4701
4701
4701
4696
4687
4687
4686
4684
4681
4680
4678
4678
4676
4674
4672
4671
4665
4654
4653
4652
4646
4642
4642
4628
4628
4627
4626
4625
4625
4625
4623
4616
4615
4615
4611
4610
4608
4607
4606
4602
4602
4601
4597
4586
4586
4583
4582
4581
4570
4570
4570
4569
4565
4565
4561
4557
4557
4554
4554
4553
4549
4545
4544
4543
4541
4540
4538
4534
4527
4525
4524
4523
4520
4520
4519
4515
4514
4513
4512
4507
4504
4503
4501
4500
4496
4495
4494
4491
4490
4484
4482
4479
4478
4474
4472
4471
4463
4461
4461
4458
4455
4455
4454
4454
4447
4447
4447
4446
4444
4442
4440
4438
4438
4435
4435
4434
4428
4427
4423
4423
4422
4421
4417
4415
4412
4408
4405
4405
4403
4401
4400
4399
4398
4397
4391
4391
4390
4386
4385
4385
4379
4379
4375
4373
4371
4369
4365
4365
4363
4361
4360
4358
4355
4354
4352
4347
4346
4343
4342
4342
4342
4342
4339
4339
4334
4332
4330
4329
4328
4326
4323
4321
4318
4318
4316
4312
4304
4304
4301
4294
4292
4284
4284
4283
4283
4282
4281
4281
4280
4274
4272
4270
4270
4270
4267
4267
4266
4262
4260
4260
4255
4250
4246
4244
4243
4243
4242
4242
4241
4240
4239
4238
4236
4235
4235
4235
4232
4229
4227
4226
4221
4220
4219
4217
4216
4213
4212
4211
4198
4197
4195
4190
4186
4184
4184
4178
4178
4176
4174
4172
4172
4172
4169
4166
4165
4162
4160
4159
4155
4154
4153
4152
4151
4147
4140
4137
4136
4134
4133
4133
4129
4127
4126
4125
4124
4120
4117
4112
4112
4111
4110
4109
4103
4100
4100
4098
4098
4094
4091
4084
4079
4078
4077
4074
4074
4073
4069
4067
4060
4059
4057
4057
4056
4054
4054
4050
4050
4049
4045
4044
4043
4040
4036
4033
4033
4032
4032
4032
4028
4025
4022
4021
4019
4017
4015
4009
4008
4006
4005
4002
3998
3996
3995
3994
3993
3992
3992
3991
3991
3988
3987
3986
3986
3983
3983
3982
3979
3979
3977
3977
3975
3973
3965
3959
3954
3953
3951
3948
3944
3944
3937
3936
3930
3929
3925
3925
3925
3925
3922
3920
3916
3914
3913
3913
3912
3911
3911
3910
3909
3909
3906
3900
3898
3893
3891
3890
3883
3878
3877
3874
3872
3871
3871
3868
3864
3864
3864
3863
3863
3863
3863
3860
3860
3859
3854
3853
3851
3845
3843
3840
3839
3839
3837
3837
3836
3832
3831
3830
3829
3829
3828
3827
3822
3821
3820
3815
3814
3812
3803
3795
3792
3791
3789
3784
3784
3781
3777
3777
3771
3770
3769
3764
3757
3752
3752
3746
3744
3743
3742
3741
3740
3739
3737
3734
3733
3732
3730
3730
3728
3725
3723
3721
3719
3716
3705
3705
3703
3702
3698
3698
3696
3695
3688
3683
3683
3678
3677
3673
3673
3672
3660
3660
3656
3656
3656
3655
3654
3651
3649
3641
3640
3639
3639
3638
3638
3636
3634
3633
3628
3626
3622
3615
3615
3608
3602
3602
3602
3601
3596
3595
3594
3590
3586
3585
3581
3581
3579
3578
3577
3576
3576
3576
3571
3571
3570
3566
3566
3556
3552
3551
3549
3548
3545
3539
3537
3535
3533
3531
3531
3528
3528
3528
3525
3524
3523
3523
3511
3509
3509
3508
3506
3495
3493
3489
3486
3483
3481
3480
3479
3476
3474
3473
3469
3468
3467
3463
3460
3459
3457
3457
3456
3450
3446
3445
3441
3441
3438
3433
3431
3431
3430
3427
3426
3422
3421
3417
3414
3411
3408
3400
3399
3398
3393
3392
3391
3386
3386
3385
3381
3379
3377
3374
3372
3367
3367
3366
3364
3362
3360
3359
3352
3351
3346
3346
3345
3344
3340
3332
3331
3327
3327
3321
3316
3315
3307
3306
3305
3305
3301
3298
3298
3296
3294
3291
3288
3283
3283
3283
3278
3277
3272
3271
3271
3268
3268
3266
3266
3266
3265
3262
3260
3259
3258
3251
3251
3251
3246
3246
3244
3241
3241
3232
3232
3224
3221
3219
3219
3219
3219
3218
3217
3215
3210
3205
3202
3202
3197
3189
3183
3181
3178
3175
3174
3171
3171
3169
3168
3157
3156
3153
3153
3143
3139
3139
3139
3138
3135
3132
3131
3109
3105
3104
3096
3095
3092
3090
3087
3082
3080
3076
3075
3067
3064
3055
3055
3054
3053
3051
3042
3042
3036
3035
3035
3015
3014
2996
2989
2985
2984
2982
2979
2977
2973
2973
2971
2971
2970
2961
2960
2959
2955
2954
2954
2951
2948
2945
2943
2942
2936
2927
2916
2912
2910
2910
2909
2908
2904
2899
2898
2898
2894
2891
2890
2890
2888
2887
2885
2881
2879
2872
2870
2868
2867
2863
2863
2854
2853
2851
2850
2850
2848
2847
2847
2842
2832
2829
2822
2817
2815
2813
2813
2802
2799
2798
2797
2784
2777
2773
2772
2768
2767
2753
2748
2744
2734
2728
2725
2720
2719
2718
2714
2713
2711
2710
2702
2699
2699
2699
2681
2677
2674
2672
2671
2669
2657
2656
2650
2645
2643
2623
2614
2609
2602
2590
2590
2572
2559
2555
2541
2540
2539
2537
2532
2522
2513
2511
2506
2504
2502
2498
2485
2470
2458
2458
2440
2438
2418
2416
2408
2399
2380
2351
2344
2330
2324
2302
2282
2254
2221
2199
2172
2170
2131
2093
2092
1982
1866
1859
1831
